Male1 : 0 %
Male2 : 8.9916 %
Male3 : 72.458 %
Female1 : 0 %
Female2 : 1.55462 %
Female3 : 16.9118 %
Unknow1 : 0 %
Unknow2 : 0.0210084 %
Unknow3 : 0.0630252 %
